v1
-.107581 .229613 0
-.004245 .229613 0
-.004245 .066945 0
-.107581 .066945 0
v2
-.107581 .066945 0
-.004245 .066945 0
-.004245 -.013849 0
-.107581 -.013849 0
v3
-.107581 -.013849 0
-.004245 -.013849 0
-.004245 -.031523 0
-.107581 -.031523 0
v4
-.189637 .229613 0
-.107581 .229613 0
-.107581 .066945 0
-.189637 .066945 0
v5
-.385515 .2605103 0
-.189637 .229613 0
-.189637 .066945 0
-.385515 .066945 0
v6
-.313139 .317570 0
-.189637 .292956 0
-.189637 .229613 0
-.385515 .2605103 0
v7
-.107581 .605637 0
-.004245 .605637 0
-.004245 .229613 0
-.107581 .229613 0
v8
-.189637 .443519 0
-.107581 .443519 0
-.107581 .229613 0
-.189637 .229613 0
v9
-.107581 .971361 0
-.004245 .971361 0
-.004245 .605637 0
-.107581 .605637 0
v10
-.107581 1.101887 0
-.004245 1.101887 0
-.004245 .971361 0
-.107581 .971361 0
v11
-.107581 1.220209 0
-.004245 1.220209 0
-.004245 1.101887 0
-.107581 1.101887 0
v12
-.189637 .605647 0
-.107581 .605647 0
-.107581 .443519 0
-.189637 .443519 0
v13
-.189637 .971361 0
-.107581 .971361 0
-.107581 .605647 0
-.189637 .605647 0
v14
-.189637 1.101887 0
-.107581 1.101887 0
-.107581 .971361 0
-.189637 .971361 0
v15
-.281699 1.220209 0
-.107581 1.220209 0
-.107581 1.101887 0
-.189637 1.101887 0
v16
-.208045 .443519 0
-.189637 .443519 0
-.189637 .292956 0
-.313139 .317570 0
v17
-.208045 .605647 0
-.189637 .605657 0
-.189637 .443519 0
-.208045 .443519 0
v18
-.208045 .971361 0
-.189637 .971361 0
-.189637 .605657 0
-.208045 .605647 0
v19
-.208045 1.101887 0
-.189637 1.101887 0
-.189637 .971361 0
-.208045 .971361 0
v20
-.388045 1.220209 0
-.281699 1.220209 0
-.189637 1.101887 0
-.208045 1.101887 0






























