v1
-.107581 .229613 .36102
-.004245 .229613 .36102
-.004245 .066945 .45135
-.107581 .066945 .45135
v2
-.107581 .066945 .45135
-.004245 .066945 .45135
-.004245 -.013849 .35370
-.107581 -.013849 .35370
v3
-.107581 -.013849 .35370
-.004245 -.013849 .35370
-.004245 -.031523 .12666
-.107581 -.031523 .12666
v4
-.189637 .229613 .20966
-.107581 .229613 .36102
-.107581 .066945 .45135
-.189637 .066945 .30731
v5
-.385515 .2605103 -.06816
-.189637 .229613 .20966
-.189637 .066945 .30731
-.385515 .066945 -.05937
v6,16,17
-.208045 .605647 -.20878
-.189637 .605657 -.05937
-.189637 .229613 .20966
-.385515 .2605103 -.06816
v7
-.107581 .605637 .18525
-.004245 .605637 .18525
-.004245 .229613 .36102
-.107581 .229613 .36102
v8,12
-.189637 .605647 -.06377
-.107581 .605647 .18525
-.107581 .229613 .36102
-.189637 .229613 .20966
v9
-.107581 .971361 .04853
-.004245 .971361 .04853
-.004245 .605637 .18525
-.107581 .605637 .18525
v10
-.107581 1.101887 .04853
-.004245 1.101887 .04853
-.004245 .971361 .04853
-.107581 .971361 .04853
v11
-.107581 1.220209 .09980
-.004245 1.220209 .09980
-.004245 1.101887 .04853
-.107581 1.101887 .04853
v13
-.189637 .971361 -.09559
-.107581 .971361 .04853
-.107581 .605647 .18525
-.189637 .605647 -.06377
v14
-.189637 1.101887 -.09550
-.107581 1.101887 .04853
-.107581 .971361 .04853
-.189637 .971361 -.09550
v15
-.281699 1.220209 .09980
-.107581 1.220209 .09980
-.107581 1.101887 .04853
-.189637 1.101887 -.09550
v18
-.208045 .971361 -.14921
-.189637 .971361 -.09550
-.189637 .605657 -.06377
-.208045 .605647 -.20878
v19
-.208045 1.101887 -.14921
-.189637 1.101887 -.09550
-.189637 .971361 -.09550
-.208045 .971361 -.14921
v20
-.388045 1.220209 .01436
-.281699 1.220209 .09980
-.189637 1.101887 -.09550
-.208045 1.101887 -.14921






























